    0.5000    1.0000    1.0000
    0.5000    1.0000    1.0000
    0.5000    1.0000    1.0000
    0.5000    1.0000    1.0000
    0.5000    1.0000    1.0000
    0.3500    0.9500    1.0000
    0.3500    0.9500    1.0000
    0.3500    0.9500    1.0000
    0.3500    0.9500    1.0000
    0.3500    0.9500    1.0000
    0.2500    0.9000    1.0000
    0.2500    0.9000    1.0000
    0.2500    0.9000    1.0000
    0.2500    0.9000    1.0000
    0.2500    0.9000    1.0000
    0.1250    0.8700    1.0000
    0.1250    0.8700    1.0000
    0.1250    0.8700    1.0000
    0.1250    0.8700    1.0000
    0.1250    0.8700    1.0000
         0    0.8435    1.0000
         0    0.8435    1.0000
         0    0.8435    1.0000
         0    0.8435    1.0000
         0    0.8435    1.0000
         0    0.8000    1.0000
         0    0.8000    1.0000
         0    0.8000    1.0000
         0    0.8000    1.0000
         0    0.8000    1.0000
         0    0.7758    1.0000
         0    0.7758    1.0000
         0    0.7758    1.0000
         0    0.7758    1.0000
         0    0.7758    1.0000
         0    0.7081    1.0000
         0    0.7081    1.0000
         0    0.7081    1.0000
         0    0.7081    1.0000
         0    0.7081    1.0000
         0    0.6404    1.0000
         0    0.6404    1.0000
         0    0.6404    1.0000
         0    0.6404    1.0000
         0    0.6404    1.0000
         0    0.5727    1.0000
         0    0.5727    1.0000
         0    0.5727    1.0000
         0    0.5727    1.0000
         0    0.5727    1.0000
         0    0.5050    1.0000
         0    0.5050    1.0000
         0    0.5050    1.0000
         0    0.5050    1.0000
         0    0.5050    1.0000
         0    0.4373    1.0000
         0    0.4373    1.0000
         0    0.4373    1.0000
         0    0.4373    1.0000
         0    0.4373    1.0000
         0    0.3696    1.0000
         0    0.3696    1.0000
         0    0.3696    1.0000
         0    0.3696    1.0000
         0    0.3696    1.0000
         0    0.3019    1.0000
         0    0.3019    1.0000
         0    0.3019    1.0000
         0    0.3019    1.0000
         0    0.3019    1.0000
         0    0.2342    1.0000
         0    0.2342    1.0000
         0    0.2342    1.0000
         0    0.2342    1.0000
         0    0.2342    1.0000
         0    0.1200    0.9700
         0    0.1200    0.9700
         0    0.1200    0.9700
         0    0.1200    0.9700
         0    0.1200    0.9700
         0    0.0988    0.9375
         0    0.0988    0.9375
         0    0.0988    0.9375
         0    0.0988    0.9375
         0    0.0988    0.9375
         0    0.0311    0.8750
         0    0.0311    0.8750
         0    0.0311    0.8750
         0    0.0311    0.8750
         0    0.0311    0.8750
         0         0    0.7500
         0         0    0.7500
         0         0    0.7500
         0         0    0.7500
         0         0    0.7500
         0         0    0.6250
         0         0    0.6250
         0         0    0.6250
         0         0    0.6250
         0         0    0.6250
         0         0         0
    0.6250         0         0
    0.6250         0         0
    0.6250         0         0
    0.6250         0         0
    0.6250         0         0
    0.7500         0         0
    0.7500         0         0
    0.7500         0         0
    0.7500         0         0
    0.7500         0         0
    0.8750    0.0311         0
    0.8750    0.0311         0
    0.8750    0.0311         0
    0.8750    0.0311         0
    0.8750    0.0311         0
    0.9375    0.0988         0
    0.9375    0.0988         0
    0.9375    0.0988         0
    0.9375    0.0988         0
    0.9375    0.0988         0
    0.9700    0.1200         0
    0.9700    0.1200         0
    0.9700    0.1200         0
    0.9700    0.1200         0
    0.9700    0.1200         0
    1.0000    0.2342         0
    1.0000    0.2342         0
    1.0000    0.2342         0
    1.0000    0.2342         0
    1.0000    0.2342         0
    1.0000    0.3019         0
    1.0000    0.3019         0
    1.0000    0.3019         0
    1.0000    0.3019         0
    1.0000    0.3019         0
    1.0000    0.3696         0
    1.0000    0.3696         0
    1.0000    0.3696         0
    1.0000    0.3696         0
    1.0000    0.3696         0
    1.0000    0.4373         0
    1.0000    0.4373         0
    1.0000    0.4373         0
    1.0000    0.4373         0
    1.0000    0.4373         0
    1.0000    0.5050         0
    1.0000    0.5050         0
    1.0000    0.5050         0
    1.0000    0.5050         0
    1.0000    0.5050         0
    1.0000    0.5727         0
    1.0000    0.5727         0
    1.0000    0.5727         0
    1.0000    0.5727         0
    1.0000    0.5727         0
    1.0000    0.6404         0
    1.0000    0.6404         0
    1.0000    0.6404         0
    1.0000    0.6404         0
    1.0000    0.6404         0
    1.0000    0.7081         0
    1.0000    0.7081         0
    1.0000    0.7081         0
    1.0000    0.7081         0
    1.0000    0.7081         0
    1.0000    0.7758         0
    1.0000    0.7758         0
    1.0000    0.7758         0
    1.0000    0.7758         0
    1.0000    0.7758         0
    1.0000    0.8000         0
    1.0000    0.8000         0
    1.0000    0.8000         0
    1.0000    0.8000         0
    1.0000    0.8000         0
    1.0000    0.8435         0
    1.0000    0.8435         0
    1.0000    0.8435         0
    1.0000    0.8435         0
    1.0000    0.8435         0
    1.0000    0.8700    0.1250
    1.0000    0.8700    0.1250
    1.0000    0.8700    0.1250
    1.0000    0.8700    0.1250
    1.0000    0.8700    0.1250
    1.0000    0.9000    0.2500
    1.0000    0.9000    0.2500
    1.0000    0.9000    0.2500
    1.0000    0.9000    0.2500
    1.0000    0.9000    0.2500
    1.0000    0.9500    0.3500
    1.0000    0.9500    0.3500
    1.0000    0.9500    0.3500
    1.0000    0.9500    0.3500
    1.0000    0.9500    0.3500
    1.0000    1.0000    0.5000
    1.0000    1.0000    0.5000
    1.0000    1.0000    0.5000
    1.0000    1.0000    0.5000
    1.0000    1.0000    0.5000